000000000000008
000000000000060
000000000000066
000000000000132
000000000000157
000000000000180
000000000000220
000000000000286
000000000000338
000000000000394
000000000000428
000000000000434
000000000000436
000000000000518
000000000000600
000000000000620
000000000000636
000000000000644
000000000000694
000000000000776
000000000000845
000000000000863
000000000000888
000000000000913
000000000000917
000000000000981
000000000001022
000000000001063
000000000001069
000000000001104
000000000001145
000000000001215
000000000001219
000000000001292
000000000001315
000000000001363
000000000001414
000000000001462
000000000001500
000000000001572
000000000001620
000000000001624
000000000001680
000000000001712
000000000001731
000000000001766
000000000001788
000000000001870
000000000001892
000000000001896
000000000001978
000000000002045
000000000002099
000000000002139
000000000002203
000000000002235
000000000002270
000000000002289
000000000002340
000000000002422
000000000002429
000000000002452
000000000002525
000000000002591
000000000002616
000000000002618
000000000002687
000000000002757
000000000002825
000000000002832
000000000002888
000000000002955
000000000002957
000000000003007
000000000003042
000000000003096
000000000003162
000000000003168
000000000003171
000000000003177
000000000003225
000000000003248
000000000003268
000000000003350
000000000003391
000000000003394
000000000003418
000000000003424
000000000003449
000000000003474
000000000003508
000000000003531
000000000003597
000000000003613
000000000003617
000000000003689
000000000003724
000000000003759
000000000003816
000000000003823
000000000003874
000000000003906
000000000003931
000000000003982
000000000004006
000000000004062
000000000004134
000000000004206
000000000004246
000000000004298
000000000004302
000000000004325
000000000004365
000000000004390
000000000004446
000000000004448
000000000004454
000000000004492
000000000004517
000000000004535
000000000004569
000000000004587
000000000004657
000000000004675
000000000004739
000000000004779
000000000004782
000000000004852
000000000004919
000000000004953
000000000005021
000000000005072
000000000005122
000000000005125
000000000005163
000000000005220
000000000005226
000000000005276
000000000005280
000000000005347
000000000005381
000000000005389
000000000005446
000000000005503
000000000005528
000000000005584
000000000005600
000000000005668
000000000005692
000000000005733
000000000005771
000000000005811
000000000005830
000000000005881
000000000005935
000000000005991
000000000006057
000000000006129
000000000006201
000000000006283
000000000006286
000000000006350
000000000006369
000000000006391
000000000006442
000000000006458
000000000006540
000000000006622
000000000006657
000000000006727
000000000006797
000000000006870
000000000006895
000000000006949
000000000007003
000000000007076
000000000007145
000000000007209
000000000007228
000000000007282
000000000007364
000000000007428
000000000007480
000000000007536
000000000007593
000000000007601
000000000007626
000000000007666
000000000007706
000000000007741
000000000007811
000000000007852
000000000007919
000000000007975
000000000007981
000000000008048
000000000008120
000000000008188
000000000008226
000000000008229
000000000008299
000000000008317
000000000008325
000000000008333
000000000008339
000000000008379
000000000008430
000000000008453
000000000008455
000000000008503
000000000008507
000000000008509
000000000008511
000000000008575
000000000008626
000000000008642
000000000008646
000000000008678
000000000008750
000000000008752
000000000008768
000000000008775
000000000008778
000000000008782
000000000008838
000000000008905
000000000008924
000000000008958
000000000009008
000000000009012
000000000009030
000000000009103
000000000009160
000000000009217
000000000009286
000000000009352
000000000009387
000000000009394
000000000009428
000000000009452
000000000009454
000000000009521
000000000009546
000000000009616
000000000009668
000000000009686
000000000009726
000000000009744
000000000009779
000000000009782
000000000009851
000000000009873
000000000009891
000000000009947
000000000009969
000000000010033
000000000010036
000000000010068
000000000010075
000000000010093
000000000010111
000000000010129
000000000010202
000000000010269
000000000010287
000000000010354
000000000010373
000000000010377
000000000010449
000000000010497
000000000010529
000000000010583
000000000010631
000000000010681
000000000010697
000000000010699
000000000010723
000000000010725
000000000010729
000000000010737
000000000010740
000000000010762
000000000010831
000000000010881
000000000010948
000000000010951
000000000011024
000000000011043
000000000011107
000000000011141
000000000011157
000000000011205
000000000011229
000000000011297
000000000011354
000000000011394
000000000011476
000000000011546
000000000011580
000000000011615
000000000011615
